891
63.5
63.5
2396
63.5
2961
105695
7676
376
63.5
10170
664
978
63.5
7162
63.5
63.5
63.5
19015
63.5
6633
1910
2460
294
443
63.5
63.5
173
887
2303
9301
63.5
1467
63.5
7088
877
677173
63.5
2844
63.5
63.5
903
234
16330
38777
25533
16567
14917
762
19836
1852
98314
97422
31701
6278
24686
26382
34051
49729
141198
24443
1838
277874
14062
6681
968
258
1477
22806
282
63.5
1353
2552
68355
9645
225
63.5
497
329
2323
2573
63.5
63.5
356
281044
21388
904
63.5
28489
3382
544
63.5
63.5
63.5
63.5
63.5
63.5
63.5
2666
63.5
218
17732
272
1388
63.5
7831
63.5
63.5
63.5
63.5
1627
1913
63.5
63.5
63.5
63.5
63.5
63.5
264
759
63.5
61702
141372
31090
63.5
63.5
63.5
63.5
275526
63.5
9053
63.5
63.5
63.5
63.5
63.5
1039
63.5
2389
23079
63.5
971
63.5
307
63.5
63.5
7901
4399
63.5
1519
21616
63.5
236
63.5
4172
616
1208
63.5
426
63.5
1101
63.5
18607
47113
484
422
35986
2728
8522
1195
371
1137
1642
1146
1175
4394
50104
14150
7606
36812
17150
1692
221794
30453
6001
438
11364
8900
16807
27311
3165
30814
2025
4826
8377
55286
63.5
2485
3553
63.5
301
11976
5208
420
12753
4764
1552
82880
15113
358985
63.5
63.5
95466
27212
30911
7409
13477
232
3689
16593
65740
63.5
504
63.5
747
63.5
63.5
63.5
63.5
508
2810
797
396
14432
4272
63.5
2971
